box: [2.360517064688124, 1.2937773731838549, -0.9997958077261752, -0.020207494975010898]
living: [2.9931244231374285, 3.055635277720483, -0.03500109735616469, 0.9993872738752803] 
dining: [2.4659249123183784, 0.5128143861565886, -0.029587907467591767, 0.9995621820235544] 
tableA: [3.539354331339699, -0.07369131557762604, -0.6634660130862788, 0.7482064217041963]
tableC: [4.326568196258595, 2.6994407635597706, 0.5702452651631046, 0.8214744899015797]
tableB: [3.7574121461771477, 0.5489025731396306, 0.622014697004521, 0.7830055662065076] 
exit: [0.006086810747739424, 0.00792587855303628, -0.9988932054885546, -0.04703577392581254]
