living: [6.6669379095182375, -26.39142925014211, 0.8701496050886226, -0.49278764672434106]
shelf: [1.8511602300122707, -26.84114814570841, 0.8516695687803233, -0.5240791406014345] 
binA: [7.965755330479862, -26.802346066825383, 0.5313387071045234, 0.847159476328096] 
tableB: [4.776476255300864, -27.292545395441827, 0.8530466610389558, -0.5218346424781409] 
dining: [3.6235353448405716, -25.05035622363892, 0.8519950018559994, -0.5235499181667355] 
tableA: [6.625803495448938, -28.3625053568474, 0.5480203929635006, 0.8364649717089953]
exit: [0.6889045936854963, -28.537101276876108, 0.9460438185785962, -0.3240387219596268]
