origin: [0.23142551238666842, 0.07094134025984881, -0.0009274406313213871, 0.9999995699268452]
entry: [1.7596189051417683, -0.006449353872081454, -0.004567820234516934, 0.9999895674547337]
bin: [1.995510221203908, 0.19447586734099787, -0.999976234199518, -0.006894275607410738]
living: [2.368178814688822, -0.8696217333141272, 0.021630399776113918, 0.9997660355330769]
shelf: [4.542384815627672, -4.745944339136256, 0.005982894363825743, 0.9999821023273523]
shelf2: [4.557242955479955, -4.077850609738298, -0.007224853972447847, 0.9999739004019439] 
tableB: [3.7802891834637173, -1.6414609101118915, 0.02351726966779325, 0.9997234307684163]
dining: [2.1279119534552215, -4.049128646518728, 0.008858880367719715, 0.999960759349401]
tableA: [4.1559203302114955, -0.08467993978323207, 0.9998316791716699, -0.018347024956619384]
exit: [6.2892403141839655, -5.276280210658295, -0.04550198303023309, 0.9989642483794484]
restart:  [6.2892403141839655, -5.276280210658295, -0.04550198303023309, -0.33622335021491256]
livingB: [4.6217421709491875, -1.1448821476595779, 0.015196636564209387, -0.9998845244512665]
diningB: [5.029839054909809, -3.954765472855832, 0.7490112054011167, -0.6625573289788336]
what: [3.2821752123414303, -4.219614472524476, -0.019376669320553375, -0.9998122547188757]
avoid_that: [4.070175637801837, -0.9648349992960599, 0.9964127864589948, 0.08462599471215532]
chair: [1.945986228270169, -4.625744713945473, 0.1650666553370484, 0.9862824135590372]
